31609, 0.008979395999981913, 0.44584960766665443
68805, 0.039668700333332176, 0.8354715293333376
80296, 0.015161384333339356, 0.9078149043333307
100947, 0.007892369333338442, 1.4221103783333244
138571, 0.009661618666664632, 1.1077973543333333
155420, 0.017922857000002068, 0.934798531333333
193075, 0.012829843999999943, 1.1501182773333387
220796, 0.01800306900000237, 1.3148403730000002
237048, 0.011245553666678157, 2.1858796489999954
260516, 0.013023121666672447, 1.5282985790000037
292325, 0.018168127666674156, 1.709295935
323574, 0.011366314000004726, 1.9097262809999904
336069, 0.01249360366666489, 1.9744317883333242
369034, 0.012144584999996747, 2.1741299416666586
380162, 0.018936367333329446, 2.257043532666662
415678, 0.021123907666662944, 2.45020840766666
445684, 0.026014564666667184, 2.649986975666669
450537, 0.005580333666661848, 2.6877008023333437
