10, 0.004889668333362351, 0.16138174666669633
12, 0.0004347223334661976, 0.023939811333245114
15, 0.00040011566670727916, 0.024977872333086754
19, 0.0005205003332472794, 0.02463086766692868
25, 0.0011038236668052075, 0.02711615633324982
31, 0.0010705093333551001, 0.026292291999955825
39, 0.001303779333284183, 0.025918643666803593
50, 0.001552853000248433, 0.026637463666702388
63, 0.0018715736666005494, 0.02767783566635747
79, 0.002483505333505794, 0.029046979666873085
100, 0.003185899333402631, 0.03013485933342963
125, 0.004200114666673471, 0.03185957466666878
158, 0.004779725000086425, 0.03289102566653431
199, 0.0063834949999848805, 0.0349528439999934
251, 0.008072649000041565, 0.03584921333337358
316, 0.01008281466677848, 0.04241650366657268
398, 0.013321401999898322, 0.04725742866670165
501, 0.0169770409999425, 0.051228127333312536
630, 0.021997546666473983, 0.055574011333192175
794, 0.027482330333289912, 0.06572412833338603
1000, 0.03408967399991525, 0.06915870700004234
1258, 0.04300005066655407, 0.07861364000003353
1584, 0.05510715100005351, 0.08978124133333647
1995, 0.07137387866653928, 0.10692811699997644
2511, 0.09045304700021006, 0.13973878266657871
3162, 0.11364278966660397, 0.15038024333337793
3981, 0.14377985633321563, 0.18012619799992535
5011, 0.18427814400001807, 0.21887713333323214
6309, 0.23153880900008517, 0.26743664533311556
7943, 0.2956271853333116, 0.32941433033329304
10000, 0.37549214033333556, 0.4050276790000377
12589, 0.4762701093333514, 0.5192378819998945
15848, 0.6007415146665759, 0.6240831779999402
19952, 0.7625091270001576, 0.7846392306667743
25118, 0.9680829203331692, 0.9939350570001201
31622, 1.2247360700001384, 1.2316572920000606
39810, 1.5453736146667627, 1.5503566886665492
50118, 1.9582871363331833, 1.9625681363333267
63095, 2.48119935500002, 2.4893936146666724
79432, 3.1351780900002573, 3.3414154023333444
100000, 3.9627251596668125, 3.9333079083333664
125892, 5.003413857333423, 4.931680876333303
158489, 6.335747699666626, 6.203769698000087
199526, 8.016886072333213, 7.985915850333337
251188, 10.104323360333487, 10.165899759333266
316227, 12.786461129333324, 12.71795034500004
398107, 16.169822585999857, 16.047213475333592
501187, 20.411353335333235, 20.337548275333273
630957, 25.803429791333354, 25.75894846100012
794328, 32.60191400633327, 32.62195941100011
1000000, 41.21147293966669, 41.49159802733342
