10, 0.0006133709999858183, 0.8603770236666909
12, 0.0005924879999762803, 0.050448560333317495
15, 0.0006449409999807661, 0.049622141666683696
19, 0.0009700180000133211, 0.05069287433328403
25, 0.0017649136666477716, 0.05178898366671092
31, 0.002105869333377086, 0.4586213566666781
39, 0.002382429000022057, 0.05311157333335359
50, 0.0028715003333369773, 0.05445732900007746
63, 0.003600114333342693, 0.06538040966665903
79, 0.004742251000038777, 0.055284467999968
100, 0.006045379333386336, 0.05602355766666278
125, 0.00724078433328638, 0.055678411666652515
158, 0.008825081333384333, 0.06126291300002625
199, 0.012292561666678617, 0.06655469600006352
251, 0.015548646666654046, 0.48853454199998697
316, 0.019223148333329238, 0.08300558066666024
398, 0.025223590666655582, 0.08563068533332323
501, 0.03304612533334724, 0.09227314899999328
630, 0.041807739333307836, 0.10173995366665167
794, 0.052483830666687936, 0.11625335799999448
1000, 0.06556564900002589, 0.1374306916666986
1258, 0.0830388973333432, 0.14638613933330666
1584, 0.10604628500000975, 0.16780513766665686
1995, 0.13854186133331345, 0.19979385400002533
2511, 0.1745592583333746, 0.23480487800001507
3162, 0.21928557599998535, 0.2961299813333274
3981, 0.27760978100002376, 0.3493381243333336
5011, 0.3390346046666461, 0.3114502113333704
6309, 0.24829742766667096, 0.29570841133333187
7943, 0.29601305333335404, 0.3523524693333684
10000, 0.3746410769999784, 0.44851007833335643
12589, 0.4761665613332677, 0.5450713036666835
15848, 0.5989815953333087, 0.6803060030000173
19952, 0.7642072503333187, 0.836116617333308
25118, 0.9663612920000256, 1.4459773483332963
31622, 1.2271374173333622, 1.307901640999982
39810, 1.566295115999992, 1.6714301976666472
50118, 1.9715881529999706, 2.0928286566666734
63095, 2.4878590710000026, 2.643606620000014
79432, 3.134099531333353, 3.3144619079999984
100000, 3.966128661999998, 4.189649326999984
125892, 5.006015797999983, 5.3073467106666685
158489, 6.332619945333287, 6.722300099999984
199526, 8.053788927000065, 8.490203207333328
251188, 10.115099447999947, 10.742746614999987
316227, 12.793252342666696, 13.590209129000035
398107, 16.457970221333312, 17.211850949999985
501187, 20.755899544000005, 21.604659316333255
630957, 25.551261275333292, 27.372839826333422
794328, 32.16313408700004, 34.9557980443332
1000000, 40.57576836899997, 44.20611256566667
